[[ 40.  81.]
 [ 43. 103.]
 [ 47. 125.]
 [ 51. 147.]
 [ 60. 168.]
 [ 73. 187.]
 [ 89. 204.]
 [109. 216.]
 [127. 219.]
 [145. 214.]
 [159. 200.]
 [171. 182.]
 [181. 164.]
 [188. 146.]
 [193. 126.]
 [197. 107.]
 [200.  87.]
 [ 54.  73.]
 [ 67.  65.]
 [ 85.  64.]
 [102.  68.]
 [119.  74.]
 [145.  74.]
 [158.  67.]
 [173.  64.]
 [187.  65.]
 [197.  73.]
 [131.  89.]
 [131. 104.]
 [132. 119.]
 [132. 133.]
 [118. 143.]
 [125. 144.]
 [132. 146.]
 [138. 144.]
 [144. 141.]
 [ 74.  89.]
 [ 83.  84.]
 [ 96.  84.]
 [105.  93.]
 [ 94.  96.]
 [ 82.  95.]
 [152.  92.]
 [161.  84.]
 [173.  83.]
 [181.  89.]
 [174.  95.]
 [162.  95.]
 [103. 168.]
 [114. 163.]
 [125. 159.]
 [133. 162.]
 [140. 159.]
 [148. 161.]
 [156. 165.]
 [149. 177.]
 [141. 183.]
 [133. 184.]
 [125. 184.]
 [114. 180.]
 [109. 169.]
 [125. 169.]
 [133. 169.]
 [140. 168.]
 [150. 167.]
 [140. 169.]
 [133. 171.]
 [125. 170.]]
