83.000
105.000
127.000
148.000
169.000
186.000
201.000
214.000
217.000
214.000
202.000
187.000
170.000
150.000
128.000
107.000
84.000
70.000
63.000
63.000
66.000
73.000
72.000
66.000
62.000
63.000
69.000
89.000
104.000
119.000
134.000
142.000
145.000
147.000
145.000
142.000
89.000
83.000
84.000
93.000
95.000
94.000
92.000
84.000
83.000
89.000
94.000
95.000
167.000
162.000
159.000
161.000
159.000
162.000
167.000
178.000
183.000
184.000
183.000
178.000
168.000
168.000
169.000
168.000
168.000
170.000
171.000
170.000
