46.000
48.000
52.000
56.000
63.000
75.000
90.000
108.000
128.000
148.000
166.000
182.000
194.000
202.000
206.000
210.000
212.000
57.000
69.000
83.000
98.000
111.000
143.000
157.000
172.000
187.000
199.000
127.000
127.000
127.000
127.000
113.000
120.000
127.000
134.000
141.000
74.000
84.000
96.000
105.000
94.000
83.000
150.000
160.000
172.000
181.000
173.000
161.000
97.000
108.000
119.000
127.000
135.000
146.000
158.000
147.000
136.000
127.000
118.000
108.000
103.000
119.000
127.000
136.000
152.000
136.000
127.000
119.000
