49.000
39.000
35.000
39.000
36.000
25.000
14.000
9.000
8.000
10.000
14.000
23.000
32.000
40.000
42.000
46.000
50.000
10.000
6.000
3.000
4.000
10.000
6.000
4.000
6.000
8.000
9.000
4.000
6.000
9.000
13.000
4.000
6.000
8.000
8.000
8.000
0.000
0.000
0.000
0.000
0.000
0.000
0.000
0.000
0.000
0.000
0.000
0.000
12.000
8.000
9.000
8.000
8.000
7.000
10.000
9.000
11.000
11.000
11.000
10.000
10.000
8.000
8.000
9.000
10.000
11.000
10.000
10.000
