54.000
45.000
40.000
40.000
42.000
41.000
39.000
41.000
45.000
47.000
48.000
50.000
51.000
49.000
47.000
47.000
52.000
9.000
10.000
17.000
22.000
21.000
24.000
25.000
21.000
12.000
9.000
5.000
10.000
19.000
32.000
13.000
15.000
18.000
15.000
13.000
0.000
0.000
0.000
0.000
0.000
0.000
0.000
0.000
0.000
0.000
0.000
0.000
22.000
16.000
19.000
20.000
19.000
18.000
25.000
22.000
24.000
23.000
23.000
20.000
18.000
18.000
19.000
19.000
22.000
19.000
18.000
18.000
