Elena
[[ 54.  93.]
 [ 55. 114.]
 [ 58. 135.]
 [ 62. 155.]
 [ 70. 173.]
 [ 81. 191.]
 [ 93. 208.]
 [107. 223.]
 [124. 228.]
 [143. 227.]
 [163. 216.]
 [182. 202.]
 [198. 185.]
 [211. 165.]
 [218. 143.]
 [222. 119.]
 [224.  94.]
 [ 60.  69.]
 [ 69.  61.]
 [ 83.  60.]
 [ 96.  64.]
 [110.  71.]
 [139.  71.]
 [155.  63.]
 [172.  58.]
 [190.  59.]
 [204.  68.]
 [123.  90.]
 [122. 105.]
 [120. 121.]
 [119. 137.]
 [110. 148.]
 [116. 150.]
 [122. 151.]
 [129. 149.]
 [137. 146.]
 [ 75.  90.]
 [ 84.  83.]
 [ 96.  84.]
 [106.  93.]
 [ 95.  96.]
 [ 83.  96.]
 [151.  93.]
 [161.  83.]
 [174.  83.]
 [185.  89.]
 [175.  95.]
 [162.  95.]
 [ 98. 174.]
 [106. 169.]
 [115. 165.]
 [123. 167.]
 [132. 165.]
 [144. 169.]
 [157. 175.]
 [145. 185.]
 [133. 190.]
 [124. 190.]
 [115. 189.]
 [106. 183.]
 [104. 175.]
 [115. 175.]
 [123. 175.]
 [132. 175.]
 [151. 176.]
 [132. 177.]
 [124. 177.]
 [115. 176.]]
