Caro
[[ 44.  83.]
 [ 45. 106.]
 [ 51. 127.]
 [ 54. 149.]
 [ 59. 170.]
 [ 70. 190.]
 [ 88. 205.]
 [108. 216.]
 [128. 219.]
 [149. 216.]
 [168. 203.]
 [184. 188.]
 [195. 170.]
 [199. 148.]
 [203. 127.]
 [208. 106.]
 [211.  84.]
 [ 55.  72.]
 [ 68.  65.]
 [ 83.  63.]
 [ 98.  67.]
 [112.  73.]
 [145.  72.]
 [159.  66.]
 [174.  63.]
 [189.  65.]
 [201.  73.]
 [129.  90.]
 [128. 105.]
 [128. 120.]
 [128. 135.]
 [114. 144.]
 [121. 146.]
 [128. 148.]
 [136. 147.]
 [142. 144.]
 [ 73.  89.]
 [ 83.  82.]
 [ 96.  83.]
 [107.  93.]
 [ 95.  96.]
 [ 82.  95.]
 [150.  93.]
 [161.  83.]
 [173.  83.]
 [183.  88.]
 [175.  95.]
 [162.  95.]
 [ 98. 171.]
 [110. 164.]
 [121. 159.]
 [128. 161.]
 [134. 159.]
 [144. 164.]
 [156. 171.]
 [145. 178.]
 [135. 182.]
 [128. 182.]
 [121. 182.]
 [110. 178.]
 [103. 171.]
 [121. 169.]
 [128. 169.]
 [134. 169.]
 [151. 171.]
 [134. 169.]
 [128. 169.]
 [121. 169.]]
