[[229.  80.]
 [229.  88.]
 [230.  96.]
 [231. 104.]
 [233. 112.]
 [237. 119.]
 [244. 124.]
 [251. 128.]
 [259. 129.]
 [268. 128.]
 [276. 125.]
 [283. 120.]
 [287. 114.]
 [290. 106.]
 [291.  98.]
 [292.  91.]
 [293.  83.]
 [234.  70.]
 [238.  66.]
 [244.  65.]
 [250.  66.]
 [255.  68.]
 [267.  69.]
 [273.  68.]
 [278.  67.]
 [284.  69.]
 [288.  73.]
 [260.  76.]
 [260.  81.]
 [260.  86.]
 [259.  91.]
 [254.  96.]
 [257.  96.]
 [259.  97.]
 [262.  97.]
 [265.  96.]
 [240.  77.]
 [244.  75.]
 [249.  75.]
 [252.  78.]
 [248.  79.]
 [244.  78.]
 [269.  79.]
 [273.  77.]
 [277.  77.]
 [281.  79.]
 [277.  81.]
 [273.  80.]
 [246. 107.]
 [251. 104.]
 [256. 103.]
 [259. 103.]
 [263. 103.]
 [268. 104.]
 [272. 108.]
 [268. 111.]
 [263. 113.]
 [259. 114.]
 [255. 113.]
 [250. 111.]
 [248. 107.]
 [256. 106.]
 [259. 106.]
 [263. 106.]
 [270. 108.]
 [263. 109.]
 [259. 109.]
 [256. 109.]]
