[[192. 113.]
 [194. 129.]
 [197. 145.]
 [199. 160.]
 [204. 174.]
 [213. 186.]
 [225. 197.]
 [238. 206.]
 [250. 208.]
 [263. 206.]
 [276. 196.]
 [287. 184.]
 [295. 172.]
 [300. 158.]
 [303. 143.]
 [306. 128.]
 [307. 113.]
 [200. 107.]
 [209. 102.]
 [220. 102.]
 [231. 103.]
 [242. 108.]
 [262. 108.]
 [271. 103.]
 [281. 102.]
 [290. 102.]
 [299. 105.]
 [250. 118.]
 [250. 129.]
 [249. 141.]
 [249. 152.]
 [240. 156.]
 [244. 158.]
 [249. 160.]
 [255. 158.]
 [259. 155.]
 [214. 118.]
 [221. 114.]
 [230. 114.]
 [236. 120.]
 [228. 122.]
 [220. 121.]
 [265. 120.]
 [271. 113.]
 [279. 113.]
 [286. 117.]
 [280. 120.]
 [272. 120.]
 [226. 172.]
 [236. 171.]
 [245. 169.]
 [251. 170.]
 [256. 168.]
 [265. 169.]
 [273. 169.]
 [266. 179.]
 [258. 183.]
 [251. 185.]
 [245. 185.]
 [236. 181.]
 [231. 174.]
 [245. 175.]
 [251. 175.]
 [257. 174.]
 [269. 171.]
 [257. 175.]
 [251. 176.]
 [245. 176.]]
