[[182. 151.]
 [186. 171.]
 [190. 191.]
 [193. 212.]
 [200. 230.]
 [213. 245.]
 [229. 258.]
 [248. 270.]
 [268. 273.]
 [289. 270.]
 [307. 258.]
 [324. 244.]
 [338. 229.]
 [344. 210.]
 [346. 189.]
 [349. 168.]
 [352. 147.]
 [195. 136.]
 [207. 128.]
 [222. 128.]
 [237. 132.]
 [251. 138.]
 [280. 136.]
 [294. 129.]
 [309. 126.]
 [324. 127.]
 [336. 134.]
 [266. 151.]
 [267. 164.]
 [267. 177.]
 [267. 190.]
 [253. 197.]
 [260. 200.]
 [267. 203.]
 [274. 200.]
 [280. 197.]
 [216. 154.]
 [226. 149.]
 [237. 149.]
 [246. 157.]
 [236. 159.]
 [225. 159.]
 [288. 156.]
 [296. 148.]
 [308. 147.]
 [317. 152.]
 [309. 157.]
 [298. 158.]
 [234. 220.]
 [247. 215.]
 [259. 213.]
 [267. 215.]
 [275. 213.]
 [287. 216.]
 [300. 219.]
 [288. 230.]
 [276. 235.]
 [266. 236.]
 [258. 235.]
 [246. 231.]
 [240. 222.]
 [258. 224.]
 [267. 224.]
 [276. 224.]
 [294. 222.]
 [275. 223.]
 [266. 224.]
 [258. 223.]]
