[[177. 209.]
 [179. 234.]
 [185. 258.]
 [189. 282.]
 [196. 306.]
 [211. 327.]
 [230. 346.]
 [252. 362.]
 [274. 367.]
 [295. 363.]
 [315. 348.]
 [333. 331.]
 [347. 311.]
 [355. 288.]
 [360. 263.]
 [366. 239.]
 [369. 214.]
 [199. 207.]
 [215. 203.]
 [231. 205.]
 [246. 210.]
 [262. 218.]
 [292. 217.]
 [308. 211.]
 [323. 206.]
 [338. 204.]
 [352. 209.]
 [277. 231.]
 [277. 250.]
 [277. 269.]
 [276. 288.]
 [260. 290.]
 [267. 294.]
 [276. 299.]
 [284. 295.]
 [292. 290.]
 [217. 228.]
 [229. 223.]
 [242. 223.]
 [250. 232.]
 [239. 234.]
 [227. 233.]
 [301. 232.]
 [310. 224.]
 [323. 223.]
 [333. 228.]
 [324. 234.]
 [312. 234.]
 [236. 308.]
 [252. 308.]
 [265. 307.]
 [275. 309.]
 [284. 307.]
 [296. 309.]
 [310. 309.]
 [297. 326.]
 [285. 334.]
 [275. 335.]
 [264. 334.]
 [251. 325.]
 [244. 312.]
 [264. 312.]
 [274. 313.]
 [284. 313.]
 [303. 313.]
 [285. 321.]
 [275. 322.]
 [265. 321.]]
