[[123. 211.]
 [129. 243.]
 [138. 275.]
 [144. 306.]
 [155. 333.]
 [174. 356.]
 [196. 375.]
 [221. 392.]
 [248. 397.]
 [273. 391.]
 [297. 373.]
 [317. 352.]
 [334. 328.]
 [343. 302.]
 [348. 271.]
 [356. 241.]
 [362. 209.]
 [145. 197.]
 [163. 184.]
 [185. 179.]
 [207. 182.]
 [228. 191.]
 [267. 189.]
 [288. 182.]
 [309. 179.]
 [329. 183.]
 [343. 197.]
 [248. 212.]
 [248. 230.]
 [249. 249.]
 [250. 268.]
 [228. 280.]
 [238. 283.]
 [248. 287.]
 [258. 283.]
 [267. 280.]
 [175. 216.]
 [189. 211.]
 [204. 212.]
 [215. 221.]
 [202. 223.]
 [187. 222.]
 [276. 220.]
 [288. 212.]
 [303. 210.]
 [315. 216.]
 [305. 221.]
 [290. 222.]
 [201. 315.]
 [219. 310.]
 [235. 307.]
 [248. 309.]
 [261. 306.]
 [275. 309.]
 [290. 314.]
 [276. 327.]
 [262. 335.]
 [248. 337.]
 [234. 336.]
 [218. 329.]
 [209. 317.]
 [235. 319.]
 [248. 320.]
 [261. 319.]
 [282. 316.]
 [261. 319.]
 [248. 321.]
 [235. 320.]]
